# pm_sr_meshref v1 kernel=5 hann=8 nx=48 ny=48 nz=48 nr=256 r_cut=6 epsilon=0.1 psolver=2
2.388387095277213e-04
7.175799359876289e-04
1.197604343887490e-03
1.678749283480894e-03
2.160851725344760e-03
2.643748315619136e-03
3.127275431357808e-03
3.611269235969502e-03
4.095565734731856e-03
4.580000830358533e-03
5.064410378601833e-03
5.548630243870132e-03
6.032496354843458e-03
6.515844760066619e-03
6.998511683502137e-03
7.480333580023083e-03
7.961147190828568e-03
8.440789598761713e-03
8.919098283511701e-03
9.395911176681700e-03
9.871066716703488e-03
1.034440390358056e-02
1.081576235344052e-02
1.128498235287912e-02
1.175190491307710e-02
1.221637182367124e-02
1.267822570636163e-02
1.313731006823752e-02
1.359346935480257e-02
1.404654900268265e-02
1.449639549199684e-02
1.494285639837672e-02
1.538578044461219e-02
1.582501755191024e-02
1.626041889074695e-02
1.669183693129662e-02
1.711912549341970e-02
1.754213979619468e-02
1.796073650697439e-02
1.837477378995286e-02
1.878411135422412e-02
1.918861050131825e-02
1.958813417219689e-02
1.998361827702108e-02
2.037689994527156e-02
2.076788877094009e-02
2.115645227277730e-02
2.154245879132183e-02
2.192577753351118e-02
2.230627861699968e-02
2.268383311416683e-02
2.305831309580275e-02
2.342959167445546e-02
2.379754304742494e-02
2.416204253938956e-02
2.452296664465047e-02
2.488019306898020e-02
2.523360077106026e-02
2.558307000349410e-02
2.592848235338216e-02
2.626972078244450e-02
2.660666966667734e-02
2.693921483553106e-02
2.726724361059484e-02
2.759064484377688e-02
2.790930895496477e-02
2.822312796915563e-02
2.853199555304177e-02
2.883580705104060e-02
2.913445952075505e-02
2.942785176785515e-02
2.971588438036550e-02
2.999845976235028e-02
3.027548216698199e-02
3.054685772898403e-02
3.081249449643545e-02
3.107230246192830e-02
3.132619359306454e-02
3.157408186228516e-02
3.181588327601950e-02
3.205151590314486e-02
3.228089990274824e-02
3.250395755117901e-02
3.272061326838479e-02
3.293079364352053e-02
3.313446686237190e-02
3.333337637095848e-02
3.352843981668212e-02
3.371959110494532e-02
3.390676546673203e-02
3.408989948055408e-02
3.426893109393959e-02
3.444379964445998e-02
3.461444588028343e-02
3.478081198025239e-02
3.494284157347514e-02
3.510047975842630e-02
3.525367312154928e-02
3.540236975535526e-02
3.554651927601093e-02
3.568607284041037e-02
3.582098316272520e-02
3.595120453042595e-02
3.607669281977254e-02
3.619740551076348e-02
3.631330170154436e-02
3.642434212226590e-02
3.653048914839086e-02
3.663170681344206e-02
3.672796082118948e-02
3.681921855727089e-02
3.690544910024285e-02
3.698662323205762e-02
3.706271344796415e-02
3.713369396582681e-02
3.719954073486204e-02
3.726023144378697e-02
3.731574552837974e-02
3.736606417844759e-02
3.741117034419943e-02
3.745104874202446e-02
3.748568585966938e-02
3.751506996081763e-02
3.753919108906602e-02
3.755804107129810e-02
3.757161352045352e-02
3.757990383769233e-02
3.758290921395340e-02
3.758086728201678e-02
3.757521059999849e-02
3.756617973569926e-02
3.755377774910515e-02
3.753800884246054e-02
3.751887835884503e-02
3.749639278036309e-02
3.747055972594724e-02
3.744138794877725e-02
3.740888733331278e-02
3.737306889194603e-02
3.733394476126886e-02
3.729152819796113e-02
3.724583357429915e-02
3.719687637328463e-02
3.714467318340000e-02
3.708924169298648e-02
3.703060068425134e-02
3.696877002690316e-02
3.690377067142007e-02
3.683562464195007e-02
3.676435502884899e-02
3.668998598085665e-02
3.661254269691412e-02
3.653205141762558e-02
3.644853941636702e-02
3.636203499004498e-02
3.627256744950866e-02
3.618016710961803e-02
3.608486527897251e-02
3.598669424930206e-02
3.588568728452573e-02
3.578187860948073e-02
3.567530339832563e-02
3.556599776262224e-02
3.545399873909971e-02
3.533934427710461e-02
3.522207322574318e-02
3.510222532071727e-02
3.497984117086075e-02
3.485496224437902e-02
3.472763085479944e-02
3.459789014663246e-02
3.446594680503450e-02
3.433214494572448e-02
3.419653641473768e-02
3.405916716118160e-02
3.392008373076089e-02
3.377933325000531e-02
3.363696341030237e-02
3.349302245173728e-02
3.334755914674720e-02
3.320062278359630e-02
3.305226314967395e-02
3.290253051462560e-02
3.275147561331955e-02
3.259914962865620e-02
3.244560417422478e-02
3.229089127681574e-02
3.213506335879165e-02
3.197817322032449e-02
3.182027402150531e-02
3.166141926433146e-02
3.150166277457838e-02
3.134105868356123e-02
3.117966140979344e-02
3.101752564054741e-02
3.085470631332505e-02
3.069125859724237e-02
3.052723787433623e-02
3.036269972079957e-02
3.019769988814925e-02
3.003229428433583e-02
2.986653895480016e-02
2.970049006348281e-02
2.953420387379364e-02
2.936773672954789e-02
2.920114503587493e-02
2.903448524010580e-02
2.886781381264721e-02
2.870118722784691e-02
2.853466194485849e-02
2.836829438851076e-02
2.820214093018900e-02
2.803625786873414e-02
2.787068842393797e-02
2.770489129457870e-02
2.753859797914623e-02
2.737186482386994e-02
2.720474832401356e-02
2.703730510473160e-02
2.686959190188310e-02
2.670166554280730e-02
2.653358292706865e-02
2.636540100717689e-02
2.619717676928975e-02
2.602896721390384e-02
2.586082933654063e-02
2.569282010843481e-02
2.552499645722955e-02
2.535741524768823e-02
2.519013326242593e-02
2.502320718266978e-02
2.485669356905311e-02
2.469064884245054e-02
2.452512926486100e-02
2.436019092034369e-02
2.419588969601473e-02
2.403228126311101e-02
2.386942105812621e-02
2.370736426402738e-02
2.354616579155643e-02
2.338588026062485e-02
2.322656198180624e-02
2.306826493793406e-02
2.291104276581003e-02
2.275494873803029e-02
2.260003574493462e-02
2.244635627668513e-02
2.229396240548097e-02
2.214290576791400e-02
2.199323754747280e-02
2.184500845719976e-02
2.169826872250721e-02
2.155306806415996e-02
2.140945568142753e-02
2.126748023541394e-02
2.112718983256930e-02
