# pm_sr_meshref v1 kernel=5 hann=8 nx=32 ny=32 nz=34 nr=256 r_cut=6 epsilon=0.1 psolver=2
2.380134143381084e-04
7.150945997552030e-04
1.193446834904973e-03
1.672908036634014e-03
2.153315746030902e-03
2.634507183472798e-03
3.116319303781317e-03
3.598588851468146e-03
4.081152416051816e-03
4.563846487427338e-03
5.046507511269191e-03
5.528971944449714e-03
6.011076310453061e-03
6.492657254767558e-03
6.973551600235565e-03
7.453596402344342e-03
7.932629004437298e-03
8.410487092828068e-03
8.887008751798250e-03
9.362032518460333e-03
9.835397437467456e-03
1.030694311555061e-02
1.077650977586585e-02
1.124393831213248e-02
1.170907034254414e-02
1.217174826343416e-02
1.263181530267776e-02
1.308911557281164e-02
1.354349412385467e-02
1.399479699581077e-02
1.444287127083563e-02
1.488756512505112e-02
1.532872787998906e-02
1.576621005364588e-02
1.619986341113328e-02
1.662954101490510e-02
1.705509727454530e-02
1.747638799609930e-02
1.789327043093219e-02
1.830560332409704e-02
1.871324696219720e-02
1.911606322072648e-02
1.951391561087076e-02
1.990773151394320e-02
2.029933188985056e-02
2.068862653845518e-02
2.107548355255663e-02
2.145977185091361e-02
2.184136122265940e-02
2.222012237142173e-02
2.259592695913347e-02
2.296864764951777e-02
2.333815815123468e-02
2.370433326067279e-02
2.406704890437331e-02
2.442618218107020e-02
2.478161140333398e-02
2.513321613880346e-02
2.548087725099283e-02
2.582447693965976e-02
2.616389878071966e-02
2.649902776569500e-02
2.682975034068419e-02
2.715595444483775e-02
2.747752954832862e-02
2.779436668980385e-02
2.810635851330422e-02
2.841339930464087e-02
2.871538502721489e-02
2.901221335726863e-02
2.930378371855689e-02
2.958999731642556e-02
2.987075717128722e-02
3.014596815148111e-02
3.041553700550687e-02
3.067937239362245e-02
3.093738491879246e-02
3.118948715697963e-02
3.143559368676699e-02
3.167562111830186e-02
3.190948812155151e-02
3.213711545386043e-02
3.235842598680105e-02
3.257334473230714e-02
3.278179886808289e-02
3.298375679071674e-02
3.318094531892700e-02
3.337427333066749e-02
3.356367531936888e-02
3.374908710874160e-02
3.393044587452087e-02
3.410769016575403e-02
3.428075992562191e-02
3.444959651178857e-02
3.461414271627165e-02
3.477434278482630e-02
3.493014243583661e-02
3.508148887870841e-02
3.522833083175642e-02
3.537061853958095e-02
3.550830378992596e-02
3.564133993001586e-02
3.576968188236263e-02
3.589328616004017e-02
3.601211088141888e-02
3.612611578435709e-02
3.623526223984284e-02
3.633951326508321e-02
3.643883353603528e-02
3.653318939937512e-02
3.662254888390087e-02
3.670688171136578e-02
3.678615930673750e-02
3.686035480788021e-02
3.692944307465698e-02
3.699340069744756e-02
3.705220600508077e-02
3.710583907217734e-02
3.715428172590149e-02
3.719751755211834e-02
3.723553190095587e-02
3.726831189176870e-02
3.729584641750250e-02
3.731812614845730e-02
3.733514353544927e-02
3.734689281236805e-02
3.735336999813072e-02
3.735457289803119e-02
3.735073623281201e-02
3.734327203261393e-02
3.733241795490873e-02
3.731817767745308e-02
3.730055602537164e-02
3.727955896952154e-02
3.725519362446977e-02
3.722746824608244e-02
3.719639222872711e-02
3.716197610208992e-02
3.712423152760752e-02
3.708317129451616e-02
3.703880931551746e-02
3.699116062206534e-02
3.694024135927175e-02
3.688606878043684e-02
3.682866124120279e-02
3.676803819333389e-02
3.670422017812597e-02
3.663722881944614e-02
3.656708681640563e-02
3.649381793566898e-02
3.641744700340042e-02
3.633799989685244e-02
3.625550353559733e-02
3.616998587240586e-02
3.608147588377563e-02
3.599000356011357e-02
3.589559989557313e-02
3.579829687755295e-02
3.569812747585840e-02
3.559512563152939e-02
3.548932624534123e-02
3.538076516597775e-02
3.526947917788525e-02
3.515550598880826e-02
3.503888421701273e-02
3.491965337820106e-02
3.479785387212243e-02
3.467352696888388e-02
3.454671479496690e-02
3.441746031895295e-02
3.428580733696452e-02
3.415195278235521e-02
3.401622228315675e-02
3.387866792290027e-02
3.373933631001080e-02
3.359827465511192e-02
3.345553075502787e-02
3.331115297658918e-02
3.316519024024382e-02
3.301769200348104e-02
3.286870824407363e-02
3.271828944314358e-02
3.256648656805706e-02
3.241335105515515e-02
3.225893479232485e-02
3.210329010141832e-02
3.194646972052334e-02
3.178852678609470e-02
3.162951481494901e-02
3.146948768613134e-02
3.130849962265939e-02
3.114660517315026e-02
3.098385919333785e-02
3.082031682748539e-02
3.065603348970083e-02
3.049106484516011e-02
3.032546679124644e-02
3.015929543860939e-02
2.999260709215358e-02
2.982545823195936e-02
2.965790549414632e-02
2.949000565168232e-02
2.932181559514693e-02
2.915339231345487e-02
2.898479287454592e-02
2.881607440604845e-02
2.864729407592237e-02
2.847850907308848e-02
2.830977658805097e-02
2.814115379351910e-02
2.797269782503478e-02
2.780446576161348e-02
2.763651460640328e-02
2.746888783170946e-02
2.730102421541727e-02
2.713264475063122e-02
2.696380649044458e-02
2.679456664340686e-02
2.662498255414016e-02
2.645511168390805e-02
2.628501159114614e-02
2.611473991195887e-02
2.594435434059061e-02
2.577391260987622e-02
2.560347247167965e-02
2.543309167732516e-02
2.526282795802920e-02
2.509273900533881e-02
2.492288245158387e-02
2.475331585034893e-02
2.458409665697226e-02
2.441528220907746e-02
2.424692970714573e-02
2.407909619513425e-02
2.391183854114732e-02
2.374521341816776e-02
2.357927728485375e-02
2.341408636640875e-02
2.324969663553024e-02
2.308616379344421e-02
2.292354325103147e-02
2.276189011005255e-02
2.260125914447723e-02
2.244170478192484e-02
2.228328108522260e-02
2.212604173408690e-02
2.197004000693464e-02
2.181532876283084e-02
2.166196042357773e-02
2.150998695595260e-02
2.135945985409932e-02
2.121043012208044e-02
2.106294825659514e-02
2.091706422986904e-02
2.077282747272172e-02
2.063028685781795e-02
